92 88 0 56 96
184 117 nan nan nan
98 115 164 nan nan
23 88 199 nan nan
150 16 109 66 nan
95 171 124 194 nan
136 126 148 160 nan
48 116 11 69 nan
42 135 34 61 nan
52 150 76 nan nan
7 163 4 nan nan
78 72 153 nan nan
34 180 181 57 173
129 187 143 95 nan
78 113 71 174 nan
8 162 160 111 86
4 2 2 107 nan
137 49 177 94 nan
107 86 27 166 104
166 150 134 46 nan
189 27 52 nan nan
178 198 133 181 22
49 48 79 172 45
186 116 56 65 nan
90 68 nan nan nan
56 24 22 41 nan
6 146 94 26 nan
37 102 128 nan nan
26 114 7 79 69
64 161 108 57 nan
131 156 58 195 23
123 16 154 nan nan
179 34 159 129 nan
178 40 nan nan nan
97 191 160 167 36
160 153 188 nan nan
101 93 27 133 nan
106 159 14 nan nan
77 107 184 nan nan
18 142 65 121 nan
178 197 80 50 nan
146 130 37 162 84
164 158 9 nan nan
40 122 186 nan nan
180 169 100 181 nan
95 54 48 21 nan
135 120 150 165 nan
1 10 67 0 114
34 145 145 122 36
167 108 0 5 40
86 116 57 117 nan
89 56 34 42 nan
26 0 90 23 nan
196 139 138 145 188
19 16 54 149 nan
86 115 188 nan nan
22 120 189 119 nan
52 158 25 17 nan
146 49 38 171 nan
37 194 27 nan nan
84 67 88 nan nan
51 12 192 nan nan
98 172 34 56 nan
85 172 191 1 9
186 68 117 27 25
8 191 113 181 nan
132 179 110 81 195
192 20 86 nan nan
71 159 1 nan nan
153 112 180 162 nan
42 42 83 179 118
71 167 47 nan nan
64 128 77 44 30
17 14 156 81 nan
188 173 69 37 nan
38 88 55 nan nan
122 94 nan nan nan
96 122 5 nan nan
32 190 116 nan nan
191 185 168 55 38
16 61 78 80 nan
148 163 149 34 nan
1 189 94 14 nan
177 51 31 160 nan
183 41 152 173 nan
139 nan nan nan nan
3 36 182 23 171
80 72 150 40 nan
166 20 185 4 152
164 11 72 60 nan
118 70 146 nan nan
182 70 137 113 142
99 112 88 128 nan
33 176 24 33 nan
181 199 49 50 96
90 43 134 nan nan
108 160 nan nan nan
142 120 186 nan nan
112 132 133 97 193
55 93 182 nan nan
88 161 45 68 nan
140 85 107 167 125
150 18 190 178 3
155 155 118 nan nan
189 9 70 125 174
173 112 130 136 102
144 39 nan nan nan
5 183 97 6 179
158 28 144 119 15
12 107 103 185 174
80 50 4 44 nan
39 167 121 30 4
14 16 183 106 92
108 116 67 13 nan
154 134 119 179 nan
72 35 152 26 nan
181 47 158 169 133
20 14 193 56 nan
159 55 91 168 nan
111 23 46 145 154
87 181 16 160 nan
101 95 150 nan nan
159 192 145 1 12
38 44 198 nan nan
42 76 165 100 nan
170 69 nan nan nan
108 96 9 123 127
11 124 185 150 22
177 91 77 92 nan
60 49 124 119 nan
193 65 187 146 168
137 32 0 nan nan
70 24 55 23 168
65 50 134 158 nan
23 123 70 157 nan
4 82 29 nan nan
132 4 146 69 142
138 154 149 84 150
105 107 64 171 121
34 131 30 57 103
139 127 11 nan nan
149 193 40 103 160
79 133 157 75 nan
107 67 37 101 173
154 39 16 33 175
146 179 44 18 79
113 177 145 23 171
17 3 194 105 nan
177 5 2 118 47
27 124 nan nan nan
40 135 186 88 111
157 141 150 193 nan
31 103 154 118 nan
63 156 128 nan nan
142 128 121 nan nan
65 0 nan nan nan
122 67 162 nan nan
186 101 94 nan nan
30 82 135 67 68
82 82 82 76 23
120 152 47 26 nan
15 192 152 156 159
15 13 169 85 101
43 184 195 140 nan
107 121 146 108 nan
180 175 188 51 51
5 16 70 183 13
93 171 99 143 nan
166 33 161 nan nan
64 39 89 114 112
25 129 117 196 nan
36 57 125 nan nan
168 89 125 13 nan
159 59 189 39 nan
77 95 59 23 nan
4 113 nan nan nan
56 24 160 nan nan
38 35 199 93 nan
72 98 95 nan nan
119 88 158 186 nan
198 0 nan nan nan
149 68 105 116 nan
183 51 132 nan nan
21 161 152 130 127
178 46 nan nan nan
99 81 198 50 72
192 44 26 139 nan
7 106 190 71 84
70 193 nan nan nan
16 173 126 nan nan
97 9 77 10 178
122 66 138 88 179
110 165 nan nan nan
166 141 1 135 97
152 61 45 131 nan
83 80 165 166 184
197 192 176 146 nan
189 22 79 133 183
105 87 104 nan nan
21 181 62 nan nan
14 114 171 24 nan
175 180 129 nan nan
10 173 84 54 nan
190 22 34 113 71
38 75 98 19 nan
86 39 184 44 194
24 16 68 59 13
94 168 115 nan nan
39 163 183 161 116
167 75 193 194 71
60 149 91 72 21
88 191 74 43 104
63 142 29 55 64
8 175 78 82 187
172 193 139 nan nan
185 195 171 nan nan
52 76 76 178 137
80 118 173 nan nan
193 136 64 nan nan
50 194 16 1 nan
150 192 141 165 130
28 118 146 146 nan
159 196 145 nan nan
44 3 132 78 nan
44 63 45 nan nan
120 129 nan nan nan
43 114 175 nan nan
106 131 9 3 124
49 16 174 50 166
91 195 28 185 159
146 33 161 34 162
15 74 139 43 162
22 146 nan nan nan
152 172 169 196 52
23 121 107 198 nan
86 1 142 193 111
48 28 1 58 nan
188 150 69 117 nan
109 59 72 nan nan
49 100 52 nan nan
96 96 17 124 nan
140 54 58 111 nan
131 132 84 64 126
143 97 143 nan nan
3 25 197 4 106
133 21 192 99 nan
90 82 148 48 175
113 175 181 52 191
26 112 9 15 140
87 70 160 180 nan
128 78 152 167 nan
119 174 55 13 168
91 79 122 nan nan
96 134 83 nan nan
112 7 153 nan nan
188 48 185 120 nan
183 31 77 nan nan
50 41 96 nan nan
198 91 177 13 nan
60 100 95 159 nan
102 189 141 144 nan
95 27 159 172 nan
154 139 39 nan nan
156 10 7 119 78
54 140 154 49 98
81 142 183 13 nan
22 48 68 190 nan
47 46 21 128 135
67 174 151 2 nan
170 186 42 94 141
82 81 95 74 90
45 183 95 179 99
31 16 136 151 116
128 52 13 61 nan
104 131 146 14 nan
85 124 107 33 25
197 6 11 177 25
45 128 197 nan nan
56 10 131 123 156
30 20 31 6 4
134 93 0 21 nan
52 32 178 67 22
166 142 183 79 nan
184 143 156 nan nan
8 173 177 nan nan
161 123 7 85 nan
33 33 57 40 nan
54 98 39 69 147
97 77 2 132 nan
92 70 126 25 nan
138 155 24 nan nan
77 199 117 143 176
54 40 123 91 34
190 138 52 145 nan
45 50 94 16 nan
67 64 95 nan nan
53 81 92 32 nan
193 90 40 82 107
109 64 23 122 126
81 4 79 nan nan
79 163 68 139 nan
56 170 105 nan nan
10 195 147 41 nan
16 191 55 132 nan
18 183 33 180 nan
154 146 183 nan nan
165 41 55 136 nan
18 106 128 78 70
60 145 21 84 nan
74 90 177 4 nan
28 169 86 116 nan
189 179 160 6 nan
3 46 83 143 nan
84 16 171 nan nan
50 162 178 65 92
69 199 3 38 nan
164 197 25 137 115
37 74 128 196 37
114 153 120 183 116
37 161 51 63 nan
80 169 50 67 nan
67 162 41 46 nan
142 181 109 72 132
59 6 60 164 46
87 148 47 120 23
90 53 25 90 165
36 20 186 42 nan
131 88 181 85 126
120 120 130 191 nan
83 15 31 121 146
82 97 nan nan nan
179 8 135 116 31
81 96 105 80 164
47 88 nan nan nan
189 125 180 84 154
102 149 nan nan nan
106 6 87 3 86
96 67 151 nan nan
175 99 22 168 153
53 18 2 155 nan
187 101 83 nan nan
31 150 42 117 nan
98 12 103 16 nan
77 173 188 141 nan
51 159 8 73 nan
4 151 19 32 86
104 67 29 nan nan
56 187 193 39 26
142 59 193 39 81
71 91 137 nan nan
59 38 83 nan nan
186 83 126 125 80
88 1 nan nan nan
137 89 77 77 nan
34 75 177 39 nan
74 96 19 nan nan
85 142 188 174 nan
195 155 87 nan nan
90 97 7 152 48
116 181 133 169 nan
97 64 138 44 50
47 37 130 nan nan
129 150 4 nan nan
60 72 162 186 nan
51 178 107 20 51
4 70 78 nan nan
26 6 178 116 22
91 66 36 111 74
156 171 69 139 nan
154 72 5 113 120
199 16 115 nan nan
51 128 158 173 nan
154 119 34 90 63
26 32 70 nan nan
96 45 32 131 nan
12 47 142 135 nan
161 136 161 44 nan
35 57 69 142 90
60 94 113 nan nan
131 168 197 nan nan
99 93 36 nan nan
96 40 27 36 nan
41 173 74 197 nan
125 47 53 19 nan
116 68 30 77 nan
101 159 186 157 71
11 187 137 69 60
93 50 108 191 nan
171 134 194 107 nan
159 83 22 16 150
14 72 161 24 nan
16 80 155 147 nan
11 13 43 25 nan
16 148 31 3 4
63 40 158 nan nan
167 57 122 47 nan
13 100 142 28 nan
28 157 81 182 81
14 177 71 143 74
9 84 122 128 nan
97 174 32 45 nan
137 185 100 12 nan
131 71 65 48 186
144 8 74 26 nan
129 169 176 nan nan
115 58 184 nan nan
194 55 31 139 nan
61 187 31 12 183
144 35 50 131 nan
31 180 96 nan nan
179 168 167 189 76
86 118 139 185 nan
95 158 65 184 nan
68 16 131 110 nan
15 109 115 149 116
83 66 12 164 nan
44 123 95 17 nan
59 15 76 63 195
122 162 47 2 nan
42 129 100 nan nan
163 166 194 68 nan
51 58 98 22 179
121 54 182 180 nan
83 88 84 174 184
43 67 23 13 4
121 11 66 175 nan
133 107 171 57 153
72 69 172 92 nan
91 121 166 nan nan
24 171 129 nan nan
198 154 1 2 153
88 57 101 27 nan
138 180 1 nan nan
103 148 92 nan nan
197 116 138 66 83
24 104 159 nan nan
183 167 43 nan nan
156 135 38 nan nan
147 68 163 16 30
0 149 29 nan nan
