50 6 23 9 54
45 62 nan nan nan
12 8 74 nan nan
31 84 48 nan nan
98 61 75 61 nan
91 86 79 20 nan
46 3 22 86 nan
18 83 91 21 nan
5 32 93 80 nan
61 58 95 nan nan
58 70 46 nan nan
32 15 40 nan nan
63 71 33 34 43
84 48 4 52 nan
22 39 1 74 nan
61 51 32 37 22
60 38 29 61 nan
58 96 66 64 nan
24 5 63 75 87
3 62 36 42 nan
50 27 31 nan nan
25 42 54 83 16
96 70 84 91 71
75 88 99 44 nan
73 85 nan nan nan
46 84 69 61 nan
92 44 15 42 nan
72 92 35 nan nan
54 2 17 1 13
19 52 31 39 nan
29 54 73 46 10
56 10 98 nan nan
64 11 5 67 nan
21 52 nan nan nan
61 22 26 21 41
57 9 68 nan nan
30 7 61 73 nan
39 4 42 nan nan
56 32 86 nan nan
26 9 86 44 nan
34 49 67 38 nan
41 74 70 61 74
75 77 95 nan nan
37 48 46 nan nan
60 87 52 96 nan
77 29 9 69 nan
63 81 29 31 nan
71 88 46 44 48
44 71 9 18 35
68 25 63 69 15
80 49 32 67 nan
10 4 69 99 nan
50 10 62 33 nan
3 34 93 75 92
11 94 11 51 nan
94 16 44 nan nan
16 44 47 57 nan
45 13 23 66 nan
76 59 18 56 nan
29 85 90 nan nan
16 5 53 nan nan
86 96 43 nan nan
7 59 20 77 nan
85 36 95 3 30
28 17 86 79 80
42 83 74 35 nan
47 48 10 77 76
57 15 85 nan nan
46 25 38 nan nan
29 7 45 53 nan
10 12 27 70 1
47 2 20 nan nan
6 47 10 6 41
93 64 25 57 nan
80 49 7 63 nan
15 3 81 nan nan
65 38 nan nan nan
35 92 92 nan nan
14 56 19 nan nan
18 43 88 73 37
51 45 51 45 nan
34 57 84 93 nan
30 91 72 91 nan
73 99 37 73 nan
38 30 38 39 nan
6 nan nan nan nan
55 67 22 47 42
2 25 39 8 nan
97 97 23 78 46
57 19 31 11 nan
99 68 91 nan nan
73 47 51 32 17
84 89 64 99 nan
32 76 53 7 nan
72 80 3 87 63
14 43 41 nan nan
89 98 nan nan nan
86 11 23 nan nan
94 18 42 76 48
98 91 16 nan nan
8 89 74 62 nan
16 58 45 84 20
65 9 42 40 26
67 19 30 nan nan
30 62 52 14 60
83 19 20 4 62
79 35 nan nan nan
84 15 92 71 90
83 95 31 83 22
91 65 42 95 87
89 12 32 55 nan
52 13 13 57 13
49 28 67 30 20
88 86 21 83 nan
95 1 9 13 nan
59 15 49 74 nan
11 39 85 65 62
78 27 92 10 nan
21 76 23 90 nan
39 25 7 15 75
42 76 30 97 nan
62 86 88 nan nan
64 63 20 66 77
3 17 55 nan nan
70 99 90 2 nan
78 61 nan nan nan
83 15 71 27 74
8 9 96 84 44
2 31 38 94 nan
64 49 83 43 nan
49 50 89 97 25
8 73 30 nan nan
77 17 17 22 5
20 61 1 80 nan
17 22 14 44 nan
72 39 11 nan nan
39 25 12 38 86
46 47 25 3 25
28 93 66 58 18
24 77 91 6 48
39 99 6 nan nan
71 42 60 90 86
41 68 51 52 nan
86 54 95 66 17
25 7 64 15 80
66 60 66 94 68
57 57 57 62 80
65 67 42 33 nan
73 71 47 28 84
82 73 nan nan nan
77 97 74 56 42
22 21 21 22 nan
63 55 53 43 nan
54 17 91 nan nan
61 8 72 nan nan
4 37 nan nan nan
43 37 95 nan nan
44 3 85 nan nan
29 9 94 56 61
77 92 72 82 45
21 69 71 39 nan
82 82 90 80 26
45 54 86 75 48
66 94 39 35 nan
29 92 72 63 nan
18 11 32 45 98
90 63 94 71 74
57 2 68 95 nan
72 5 62 nan nan
15 41 77 91 96
40 17 28 68 nan
5 56 22 nan nan
70 80 17 10 nan
18 84 98 88 nan
45 50 94 12 nan
22 54 nan nan nan
68 48 67 nan nan
51 50 33 8 nan
57 13 47 nan nan
14 21 28 18 nan
26 87 nan nan nan
4 31 33 31 nan
58 83 17 nan nan
13 8 9 26 34
90 50 nan nan nan
86 45 42 60 11
16 63 31 90 nan
96 19 29 73 38
19 51 nan nan nan
82 76 88 nan nan
38 20 82 41 39
92 27 99 91 28
98 32 nan nan nan
17 26 93 29 60
66 98 35 24 nan
29 89 86 42 48
43 97 24 36 nan
88 65 70 26 93
6 34 90 nan nan
24 2 63 nan nan
91 10 80 48 nan
91 31 28 nan nan
65 92 90 74 nan
30 25 41 97 6
94 75 34 53 nan
95 38 80 86 50
63 1 75 97 49
79 28 17 nan nan
73 95 46 98 34
8 98 84 69 81
36 80 8 23 6
28 61 69 23 25
90 24 61 33 80
81 32 27 7 58
54 36 68 nan nan
40 50 85 nan nan
63 86 26 54 59
16 92 64 nan nan
15 3 92 nan nan
82 69 45 21 nan
79 73 76 88 28
90 84 14 24 nan
34 82 17 nan nan
61 83 1 39 nan
75 78 42 nan nan
71 81 nan nan nan
95 88 11 nan nan
2 50 99 45 97
52 68 92 67 36
63 31 60 65 88
69 24 28 99 33
89 58 49 49 22
50 13 nan nan nan
26 54 34 28 40
79 25 91 24 nan
33 97 56 78 28
4 84 62 83 nan
11 18 8 95 nan
15 22 7 nan nan
8 5 61 nan nan
51 60 16 22 nan
70 29 44 7 nan
97 47 83 25 39
39 44 35 nan nan
75 34 14 85 46
98 51 53 36 nan
89 54 76 57 82
97 19 6 89 65
80 8 3 95 94
39 33 5 79 nan
79 5 87 41 nan
50 29 79 21 11
92 8 69 nan nan
16 38 82 nan nan
88 91 32 nan nan
27 5 17 19 nan
44 88 39 nan nan
22 47 1 nan nan
41 68 40 63 nan
92 75 36 52 nan
32 10 22 36 nan
94 3 85 30 nan
13 62 44 nan nan
7 3 77 26 5
23 30 35 76 30
36 35 30 25 nan
12 53 46 54 nan
1 58 61 47 67
26 55 34 69 nan
32 66 60 39 65
71 9 74 20 54
31 27 81 43 32
52 81 38 18 71
29 17 12 68 nan
93 73 44 99 nan
79 88 7 52 22
24 63 5 79 32
17 62 79 nan nan
65 91 47 22 28
87 8 22 21 2
64 72 97 94 nan
84 28 22 7 44
73 53 62 3 nan
28 9 84 nan nan
84 31 34 nan nan
83 5 68 54 nan
93 53 76 3 nan
35 81 29 43 65
32 7 15 17 nan
14 49 74 67 nan
50 87 70 nan nan
51 42 99 34 14
75 70 61 17 9
94 79 87 45 nan
79 15 45 98 nan
84 28 29 nan nan
64 90 80 75 nan
63 69 7 8 18
2 14 5 24 16
88 50 50 nan nan
22 10 7 54 nan
90 48 57 nan nan
86 30 91 99 nan
54 77 28 16 nan
70 72 60 88 nan
40 94 49 nan nan
10 80 28 66 nan
42 32 2 76 16
80 58 13 29 nan
20 96 92 98 nan
15 6 85 90 nan
58 7 77 70 nan
44 71 12 94 nan
13 39 82 nan nan
71 49 7 61 70
18 42 95 87 nan
31 54 16 99 29
84 81 89 61 31
74 71 50 65 18
24 53 7 22 nan
96 22 53 87 nan
64 36 7 89 nan
28 55 37 88 13
68 20 5 94 36
71 67 96 63 69
90 74 12 87 36
19 98 37 31 nan
39 62 18 85 68
36 49 63 56 nan
59 29 90 8 68
34 20 nan nan nan
54 24 62 85 61
39 93 17 42 92
81 45 nan nan nan
12 43 40 41 44
26 65 nan nan nan
13 63 29 25 84
46 7 62 nan nan
7 29 39 33 62
2 11 29 5 nan
94 74 9 nan nan
99 68 89 37 nan
78 79 30 67 nan
70 43 14 78 nan
38 2 86 11 nan
35 80 51 35 45
70 74 90 nan nan
88 10 76 38 85
94 82 13 30 38
54 44 8 nan nan
71 44 80 nan nan
20 57 90 44 10
14 67 nan nan nan
65 37 40 36 nan
56 52 34 5 nan
40 54 65 nan nan
18 39 23 56 nan
96 39 83 nan nan
41 47 97 62 43
22 78 58 17 nan
46 10 39 3 60
18 74 30 nan nan
77 33 53 nan nan
8 15 27 89 nan
87 25 95 20 92
78 92 82 nan nan
79 48 34 45 96
93 17 93 92 56
41 13 74 37 nan
71 16 83 4 61
58 11 61 nan nan
35 50 57 73 nan
30 93 43 62 84
25 74 18 nan nan
44 65 32 16 nan
60 2 60 62 nan
47 40 9 14 nan
38 14 54 65 40
49 98 4 nan nan
45 63 24 nan nan
37 5 10 nan nan
13 98 99 20 nan
88 37 1 93 nan
22 54 39 93 nan
94 59 53 27 nan
5 69 45 49 74
33 90 19 38 39
87 29 55 1 nan
5 89 35 41 nan
39 20 45 2 78
40 8 14 98 nan
30 13 39 18 nan
45 71 19 24 nan
68 66 47 91 15
3 52 65 nan nan
53 56 12 98 nan
26 28 79 54 nan
66 55 8 59 1
5 32 80 99 27
97 88 45 98 nan
66 34 13 43 nan
72 71 8 66 nan
21 44 41 71 3
48 18 2 65 nan
83 63 8 nan nan
24 58 86 nan nan
13 27 84 92 nan
57 70 75 23 83
26 68 78 84 nan
71 44 72 nan nan
73 53 17 6 61
95 59 5 96 nan
93 77 60 20 nan
4 53 60 68 nan
17 33 83 80 93
53 82 96 16 nan
92 39 72 10 nan
73 61 82 11 31
60 32 27 90 nan
79 39 22 nan nan
51 30 92 81 nan
70 79 15 93 42
35 79 30 55 nan
21 49 56 89 85
66 14 72 66 1
69 65 59 51 nan
50 67 53 30 19
86 22 35 86 nan
19 47 45 nan nan
39 98 67 nan nan
49 27 62 8 10
32 26 71 93 nan
10 80 54 nan nan
57 93 15 nan nan
7 71 51 32 33
15 57 41 nan nan
31 31 17 nan nan
62 4 55 nan nan
10 33 14 41 55
27 54 87 nan nan
