46 52 6
52 12 6
12 53 6
53 30 6
30 36 6
45 55 6
55 20 6
20 32 6
32 39 6
39 2 6
34 25 6
25 60 6
60 28 6
28 62 6
62 37 6
7 57 6
57 23 6
23 1 6
1 9 6
9 6 6
69 64 6
64 10 6
10 13 6
13 43 6
43 15 6
26 22 6
22 47 6
47 66 6
66 11 6
11 70 6
18 21 6
21 49 6
49 38 6
38 41 6
41 71 6
27 63 6
63 59 6
59 48 6
48 58 6
58 14 6
33 61 6
61 67 6
67 31 6
31 24 6
24 68 6
29 50 6
50 17 6
17 3 6
3 65 6
65 56 6
35 5 6
5 4 6
4 19 6
19 54 6
54 42 6
0 40 6
40 51 6
51 16 6
16 44 6
44 8 6
52 44 3
44 55 3
55 54 3
54 25 3
25 65 3
65 57 3
57 24 3
24 64 3
64 58 3
58 22 3
22 41 3
53 51 3
51 32 3
32 4 3
4 28 3
28 17 3
17 1 3
1 67 3
67 13 3
13 59 3
59 66 3
66 49 3
36 0 3
0 2 3
2 35 3
35 37 3
37 29 3
29 6 3
6 33 3
33 15 3
15 27 3
27 70 3
70 18 3
71 26 3
26 14 3
14 69 3
69 68 3
68 7 3
7 56 3
56 34 3
34 42 3
42 45 3
45 8 3
8 46 3
38 47 3
47 48 3
48 10 3
10 31 3
31 23 3
23 3 3
3 60 3
60 19 3
19 20 3
20 16 3
16 12 3
21 11 3
11 63 3
63 43 3
43 61 3
61 9 3
9 50 3
50 62 3
62 5 3
5 39 3
39 40 3
40 30 3
180 181 1
181 182 1
182 183 1
183 184 1
184 185 1
185 186 1
186 187 1
187 188 1
188 189 1
189 190 1
190 191 1
191 192 1
192 193 1
193 194 1
194 195 1
195 196 1
196 197 1
197 198 1
198 199 1
199 200 1
200 201 1
201 202 1
202 203 1
203 204 1
204 205 1
205 206 1
206 207 1
207 208 1
208 209 1
209 210 1
210 211 1
211 212 1
212 213 1
214 215 1
215 216 1
216 217 1
217 218 1
218 219 1
219 220 1
220 221 1
221 222 1
222 223 1
223 224 1
224 225 1
225 226 1
226 227 1
227 228 1
228 229 1
229 230 1
230 231 1
231 232 1
232 233 1
233 234 1
234 235 1
235 236 1
236 237 1
237 238 1
238 239 1
239 240 1
240 241 1
241 242 1
242 243 1
243 244 1
244 245 1
245 246 1
246 247 1
36 248 1
248 249 1
249 0 1
0 250 1
250 251 1
251 2 1
2 252 1
252 253 1
253 35 1
35 254 1
254 255 1
255 37 1
37 256 1
256 257 1
257 29 1
29 258 1
258 259 1
259 6 1
6 260 1
260 261 1
261 33 1
33 262 1
262 263 1
263 15 1
15 264 1
264 265 1
265 27 1
27 266 1
266 267 1
267 70 1
70 268 1
268 269 1
269 18 1
72 293 1
293 294 1
294 181 1
181 113 1
113 215 1
215 147 1
183 115 1
115 217 1
217 149 1
149 0 1
0 295 1
75 296 1
296 99 1
77 297 1
297 298 1
298 188 1
188 120 1
120 222 1
222 154 1
35 299 1
80 300 1
300 102 1
82 301 1
301 302 1
302 195 1
195 127 1
127 229 1
229 161 1
161 29 1
29 303 1
85 304 1
304 105 1
201 133 1
133 235 1
235 167 1
167 33 1
33 305 1
87 306 1
306 307 1
307 202 1
202 134 1
134 236 1
236 168 1
90 308 1
308 108 1
207 139 1
139 241 1
241 173 1
173 27 1
27 309 1
92 310 1
310 311 1
311 209 1
209 141 1
141 243 1
243 175 1
95 312 1
312 111 1
18 313 1
270 36 1
36 146 1
146 214 1
214 112 1
112 273 2
273 272 1
272 271 1
249 148 1
148 216 1
216 114 1
114 182 1
251 151 1
151 219 1
219 117 1
117 185 1
185 275 1
275 274 1
274 76 1
276 2 1
2 152 1
152 220 1
220 118 1
35 155 1
155 223 1
223 121 1
121 189 1
189 100 1
100 277 1
277 78 1
280 37 1
37 158 1
158 226 1
226 124 1
124 192 1
192 279 1
279 278 1
278 81 1
258 162 1
162 230 1
230 128 1
128 196 1
196 103 1
103 281 1
281 83 1
282 6 1
6 164 1
164 232 1
232 130 1
260 165 1
165 233 1
233 131 1
131 199 1
199 284 1
284 283 1
283 86 1
263 169 1
169 237 1
237 135 1
135 203 1
203 106 1
106 285 1
285 88 1
286 15 1
15 170 1
170 238 1
238 136 1
265 172 1
172 240 1
240 138 1
138 206 1
206 288 1
288 287 1
287 91 1
290 70 1
70 244 2
244 244 0
244 142 1
142 210 1
210 109 1
109 289 1
289 93 1
18 179 1
179 247 1
247 145 1
145 213 1
213 292 1
292 291 1
291 96 1
