0,47,15,-1
0,7,7,-1
1,40,17,-1
1,38,5,-1
2,24,18,-1
2,31,14,-1
3,30,6,-1
3,14,18,-1
4,7,7,-1
4,31,14,-1
5,41,7,-1
5,16,12,-1
6,17,12,-1
6,11,15,-1
7,22,8,-1
7,35,9,-1
8,7,9,-1
8,28,15,-1
9,18,13,-1
9,44,14,-1
10,12,6,-1
10,9,17,-1
11,31,17,-1
11,34,19,-1
12,27,14,-1
12,13,17,-1
13,11,19,-1
13,19,5,-1
14,44,5,-1
14,35,11,-1
15,1,6,-1
15,29,16,-1
16,47,18,-1
16,13,8,-1
17,32,15,-1
17,45,14,-1
18,25,15,-1
18,39,15,-1
19,28,9,-1
19,39,11,-1
20,37,6,-1
20,22,18,-1
21,18,6,-1
21,8,5,-1
22,6,6,-1
22,17,7,-1
23,4,16,-1
23,4,12,-1
24,25,5,-1
24,10,18,-1
25,26,19,-1
25,38,8,-1
26,49,15,-1
26,7,11,-1
27,2,14,-1
27,13,15,-1
28,2,16,-1
28,28,18,-1
29,12,7,-1
29,40,18,-1
30,2,16,-1
30,42,18,-1
31,16,12,-1
31,2,7,-1
32,41,7,-1
32,23,17,-1
33,25,12,-1
33,30,16,-1
34,5,7,-1
34,12,11,-1
35,36,8,-1
35,3,19,-1
36,14,8,-1
36,22,19,-1
37,46,5,-1
37,47,14,-1
38,46,10,-1
38,46,16,-1
39,19,12,-1
39,40,18,-1
40,27,19,-1
40,26,13,-1
41,45,9,-1
41,14,9,-1
42,13,6,-1
42,42,11,-1
43,30,7,-1
43,27,11,-1
44,2,10,-1
44,27,17,-1
45,38,10,-1
45,19,19,-1
46,1,12,-1
46,4,12,-1
47,31,5,-1
47,7,6,-1
48,5,9,-1
48,23,17,-1
49,5,16,-1
49,15,16,-1
50,29,19,-1
50,46,17,-1
51,33,15,-1
51,4,15,-1
52,14,16,-1
52,31,8,-1
53,50,7,-1
53,14,16,-1
54,39,10,-1
54,44,16,-1
55,15,11,-1
55,37,19,-1
56,44,10,-1
56,40,12,-1
57,24,15,-1
57,27,13,-1
58,12,6,-1
58,13,5,-1
59,31,13,-1
59,35,16,-1
60,8,5,-1
60,49,5,-1
61,17,18,-1
61,43,12,-1
62,41,9,-1
62,45,17,-1
63,34,8,-1
63,3,9,-1
64,40,11,-1
64,17,7,-1
65,9,19,-1
65,44,15,-1
66,4,5,-1
66,40,13,-1
67,29,10,-1
67,40,16,-1
68,9,12,-1
68,13,14,-1
69,42,15,-1
69,49,11,-1
70,17,11,-1
70,40,8,-1
71,7,11,-1
71,17,14,-1
72,50,12,-1
72,11,13,-1
73,19,12,-1
73,39,5,-1
74,9,7,-1
74,21,11,-1
75,43,10,-1
75,33,6,-1
76,38,6,-1
76,31,14,-1
77,3,7,-1
77,42,11,-1
78,10,8,-1
78,15,6,-1
79,32,5,-1
79,16,15,-1
80,26,5,-1
80,47,10,-1
81,24,10,-1
81,9,6,-1
82,10,9,-1
82,27,7,-1
83,26,7,-1
83,42,10,-1
84,36,12,-1
84,7,5,-1
85,16,14,-1
85,21,5,-1
86,30,17,-1
86,38,10,-1
87,6,17,-1
87,8,6,-1
88,36,19,-1
88,40,19,-1
89,8,19,-1
89,31,8,-1
90,29,16,-1
90,50,14,-1
91,22,17,-1
91,10,5,-1
92,15,6,-1
92,9,13,-1
93,46,6,-1
93,8,16,-1
94,39,10,-1
94,5,17,-1
95,2,16,-1
95,50,10,-1
96,44,14,-1
96,30,11,-1
97,43,7,-1
97,22,17,-1
98,32,9,-1
98,14,13,-1
99,47,15,-1
99,48,17,-1
100,49,13,-1
100,3,5,-1
101,20,13,-1
101,6,9,-1
102,44,5,-1
102,27,5,-1
103,2,15,-1
103,19,9,-1
104,5,12,-1
104,21,18,-1
105,44,7,-1
105,18,10,-1
106,9,8,-1
106,45,15,-1
107,26,15,-1
107,50,13,-1
108,11,13,-1
108,15,8,-1
109,10,8,-1
109,5,11,-1
110,19,18,-1
110,25,10,-1
111,32,17,-1
111,5,18,-1
112,38,15,-1
112,34,9,-1
113,21,5,-1
113,39,19,-1
114,45,17,-1
114,31,12,-1
115,7,15,-1
115,16,13,-1
116,19,10,-1
116,5,15,-1
117,19,12,-1
117,38,17,-1
118,6,15,-1
118,35,15,-1
119,7,19,-1
119,23,8,-1
120,30,12,-1
120,15,5,-1
121,2,18,-1
121,50,16,-1
122,16,5,-1
122,1,8,-1
123,7,13,-1
123,13,9,-1
124,49,14,-1
124,40,17,-1
125,22,14,-1
125,12,15,-1
126,46,17,-1
126,6,14,-1
127,22,6,-1
127,18,17,-1
128,38,7,-1
128,23,14,-1
129,16,8,-1
129,27,16,-1
130,44,5,-1
130,44,14,-1
131,10,5,-1
131,3,18,-1
132,24,15,-1
132,15,17,-1
133,19,8,-1
133,24,14,-1
134,19,11,-1
134,35,16,-1
135,19,19,-1
135,21,18,-1
136,19,14,-1
136,37,11,-1
137,48,18,-1
137,7,17,-1
138,50,16,-1
138,29,18,-1
139,29,17,-1
139,31,6,-1
140,27,7,-1
140,5,15,-1
141,45,13,-1
141,5,9,-1
142,33,14,-1
142,43,13,-1
143,40,14,-1
143,17,14,-1
144,39,7,-1
144,8,15,-1
145,18,13,-1
145,27,13,-1
146,33,8,-1
146,39,12,-1
147,9,13,-1
147,36,10,-1
148,50,17,-1
148,6,5,-1
149,1,11,-1
149,46,11,-1
150,43,6,-1
150,13,17,-1
151,15,14,-1
151,20,5,-1
152,5,8,-1
152,6,14,-1
153,14,9,-1
153,41,5,-1
154,6,17,-1
154,31,14,-1
155,1,9,-1
155,16,11,-1
156,32,9,-1
156,16,15,-1
157,29,18,-1
157,41,16,-1
158,41,18,-1
158,12,15,-1
159,16,13,-1
159,22,17,-1
160,12,6,-1
160,30,17,-1
161,16,9,-1
161,4,5,-1
162,11,19,-1
162,50,18,-1
163,18,14,-1
163,49,13,-1
164,41,16,-1
164,25,18,-1
165,17,8,-1
165,16,5,-1
166,23,6,-1
166,25,13,-1
167,16,9,-1
167,37,6,-1
168,39,19,-1
168,39,19,-1
169,10,19,-1
169,14,12,-1
170,31,10,-1
170,41,17,-1
171,8,13,-1
171,47,9,-1
172,23,15,-1
172,2,8,-1
173,10,7,-1
173,22,7,-1
174,29,7,-1
174,8,17,-1
175,47,11,-1
175,38,18,-1
176,44,17,-1
176,6,18,-1
177,48,14,-1
177,12,14,-1
178,40,13,-1
178,39,19,-1
179,4,15,-1
179,23,18,-1
180,41,13,-1
180,9,10,-1
181,44,9,-1
181,46,9,-1
182,45,9,-1
182,28,16,-1
183,7,7,-1
183,25,7,-1
184,9,19,-1
184,5,10,-1
185,43,11,-1
185,48,9,-1
186,6,7,-1
186,4,10,-1
187,34,5,-1
187,23,19,-1
188,32,7,-1
188,29,10,-1
189,16,14,-1
189,8,6,-1
190,47,14,-1
190,35,12,-1
191,11,7,-1
191,24,8,-1
192,49,8,-1
192,39,15,-1
193,33,18,-1
193,13,15,-1
194,45,15,-1
194,2,19,-1
195,2,15,-1
195,40,12,-1
196,34,6,-1
196,45,11,-1
197,4,10,-1
197,11,8,-1
198,49,7,-1
198,48,14,-1
199,10,19,-1
199,31,17,-1
200,27,5,-1
200,21,5,-1
201,12,18,-1
201,12,15,-1
202,9,15,-1
202,25,14,-1
203,28,13,-1
203,17,6,-1
204,1,19,-1
204,48,13,-1
205,16,6,-1
205,24,15,-1
206,50,18,-1
206,17,19,-1
207,12,9,-1
207,5,8,-1
208,37,7,-1
208,28,17,-1
209,17,19,-1
209,21,8,-1
210,4,16,-1
210,21,14,-1
211,45,11,-1
211,10,14,-1
212,16,15,-1
212,4,7,-1
213,30,16,-1
213,39,9,-1
214,16,10,-1
214,33,6,-1
215,21,11,-1
215,45,17,-1
216,24,6,-1
216,16,10,-1
217,25,14,-1
217,13,11,-1
218,33,9,-1
218,38,13,-1
219,41,8,-1
219,4,13,-1
220,13,9,-1
220,2,13,-1
221,47,5,-1
221,15,6,-1
222,5,7,-1
222,2,18,-1
223,32,19,-1
223,46,18,-1
224,6,15,-1
224,39,11,-1
225,35,18,-1
225,1,15,-1
226,22,6,-1
226,13,8,-1
227,5,9,-1
227,43,9,-1
228,48,6,-1
228,23,13,-1
229,36,9,-1
229,13,12,-1
230,21,15,-1
230,33,5,-1
231,4,6,-1
231,30,7,-1
232,9,11,-1
232,25,16,-1
233,26,17,-1
233,28,13,-1
234,8,17,-1
234,16,16,-1
235,30,13,-1
235,49,12,-1
236,5,12,-1
236,30,19,-1
237,39,16,-1
237,14,17,-1
238,32,16,-1
238,27,15,-1
239,11,17,-1
239,25,13,-1
240,11,11,-1
240,19,19,-1
241,11,11,-1
241,12,9,-1
242,2,13,-1
242,47,7,-1
243,16,14,-1
243,41,7,-1
244,31,7,-1
244,15,17,-1
245,3,14,-1
245,20,13,-1
246,7,6,-1
246,36,12,-1
247,32,9,-1
247,20,18,-1
248,48,5,-1
248,3,15,-1
249,12,17,-1
249,22,10,-1
250,22,17,-1
250,6,9,-1
251,29,18,-1
251,39,18,-1
252,33,16,-1
252,11,19,-1
253,47,12,-1
253,4,5,-1
254,18,6,-1
254,15,11,-1
255,9,11,-1
255,40,13,-1
256,24,13,-1
256,16,15,-1
257,25,10,-1
257,48,5,-1
258,23,18,-1
258,22,18,-1
259,19,13,-1
259,3,11,-1
260,7,14,-1
260,44,13,-1
261,31,15,-1
261,13,19,-1
262,38,9,-1
262,27,14,-1
263,13,14,-1
263,41,8,-1
264,20,10,-1
264,37,9,-1
265,1,5,-1
265,42,11,-1
266,9,5,-1
266,40,13,-1
267,28,9,-1
267,45,14,-1
268,17,9,-1
268,4,17,-1
269,48,7,-1
269,24,10,-1
270,27,18,-1
270,49,14,-1
271,4,19,-1
271,23,5,-1
272,37,10,-1
272,18,17,-1
273,30,14,-1
273,7,8,-1
274,13,17,-1
274,50,5,-1
275,29,15,-1
275,11,6,-1
276,33,16,-1
276,6,18,-1
277,22,14,-1
277,19,16,-1
278,31,7,-1
278,43,17,-1
279,16,6,-1
279,47,18,-1
280,42,14,-1
280,39,10,-1
281,22,18,-1
281,29,19,-1
282,2,14,-1
282,27,10,-1
283,8,13,-1
283,26,15,-1
284,36,14,-1
284,12,17,-1
285,30,6,-1
285,3,11,-1
286,13,13,-1
286,29,18,-1
287,23,16,-1
287,41,13,-1
288,27,10,-1
288,7,10,-1
289,43,9,-1
289,3,18,-1
290,6,17,-1
290,41,7,-1
291,19,13,-1
291,44,12,-1
292,4,6,-1
292,43,9,-1
293,20,19,-1
293,23,7,-1
294,34,16,-1
294,48,12,-1
295,49,16,-1
295,25,19,-1
296,46,11,-1
296,36,10,-1
297,33,8,-1
297,33,9,-1
298,34,5,-1
298,45,14,-1
299,13,11,-1
299,29,14,-1
300,47,11,-1
300,47,11,-1
301,25,12,-1
301,9,16,-1
302,14,16,-1
302,44,16,-1
303,38,18,-1
303,30,18,-1
304,23,12,-1
304,22,17,-1
305,9,11,-1
305,17,6,-1
306,2,9,-1
306,43,9,-1
307,5,9,-1
307,29,14,-1
308,46,16,-1
308,42,6,-1
309,40,13,-1
309,36,6,-1
310,33,17,-1
310,5,6,-1
311,32,17,-1
311,3,7,-1
312,9,12,-1
312,31,18,-1
313,45,7,-1
313,29,8,-1
314,18,9,-1
314,34,7,-1
315,41,9,-1
315,8,14,-1
316,10,9,-1
316,27,13,-1
317,7,8,-1
317,40,10,-1
318,19,11,-1
318,21,16,-1
319,7,10,-1
319,48,18,-1
320,11,17,-1
320,36,18,-1
321,32,7,-1
321,5,17,-1
322,16,14,-1
322,50,19,-1
323,3,15,-1
323,29,10,-1
324,10,17,-1
324,24,9,-1
325,30,9,-1
325,3,12,-1
326,11,7,-1
326,20,7,-1
327,41,6,-1
327,39,16,-1
328,19,13,-1
328,28,17,-1
329,3,19,-1
329,25,5,-1
330,16,19,-1
330,21,15,-1
331,17,5,-1
331,39,8,-1
332,15,10,-1
332,47,11,-1
333,24,9,-1
333,22,14,-1
334,40,13,-1
334,40,9,-1
335,4,17,-1
335,37,6,-1
336,11,6,-1
336,4,17,-1
337,31,14,-1
337,39,14,-1
338,43,9,-1
338,29,12,-1
339,38,13,-1
339,13,18,-1
340,8,12,-1
340,27,14,-1
341,15,16,-1
341,40,15,-1
342,22,16,-1
342,4,12,-1
343,3,6,-1
343,30,13,-1
344,22,10,-1
344,43,17,-1
345,46,12,-1
345,5,18,-1
346,18,12,-1
346,20,19,-1
347,50,6,-1
347,46,14,-1
348,16,9,-1
348,48,11,-1
349,14,19,-1
349,32,7,-1
350,4,13,-1
350,1,11,-1
351,42,7,-1
351,29,16,-1
352,22,17,-1
352,18,9,-1
353,40,8,-1
353,4,16,-1
354,45,19,-1
354,18,13,-1
355,26,9,-1
355,50,5,-1
356,30,18,-1
356,21,5,-1
357,17,9,-1
357,21,12,-1
358,2,19,-1
358,2,15,-1
359,41,8,-1
359,50,5,-1
360,22,17,-1
360,33,16,-1
361,17,12,-1
361,35,11,-1
362,3,6,-1
362,8,16,-1
363,46,8,-1
363,7,19,-1
364,29,12,-1
364,5,12,-1
365,30,19,-1
365,4,7,-1
366,44,6,-1
366,22,9,-1
367,10,19,-1
367,31,12,-1
368,40,10,-1
368,39,18,-1
369,27,19,-1
369,28,9,-1
370,50,15,-1
370,21,18,-1
371,27,6,-1
371,9,5,-1
372,21,17,-1
372,23,12,-1
373,28,6,-1
373,20,15,-1
374,19,14,-1
374,23,14,-1
375,40,8,-1
375,41,13,-1
376,47,7,-1
376,40,9,-1
377,28,10,-1
377,11,18,-1
378,47,6,-1
378,38,19,-1
379,31,14,-1
379,19,11,-1
380,48,6,-1
380,6,8,-1
381,47,13,-1
381,48,16,-1
382,2,13,-1
382,41,12,-1
383,33,19,-1
383,49,15,-1
384,5,11,-1
384,9,5,-1
385,26,13,-1
385,12,16,-1
386,2,19,-1
386,32,14,-1
387,7,7,-1
387,30,18,-1
388,24,13,-1
388,29,17,-1
389,15,6,-1
389,41,18,-1
390,2,17,-1
390,33,15,-1
391,13,11,-1
391,46,15,-1
392,7,9,-1
392,4,19,-1
393,7,5,-1
393,49,13,-1
394,32,10,-1
394,21,16,-1
395,12,12,-1
395,10,10,-1
396,11,15,-1
396,40,8,-1
397,18,6,-1
397,19,10,-1
398,39,17,-1
398,30,17,-1
399,5,12,-1
399,4,13,-1
400,44,9,-1
400,18,10,-1
401,3,8,-1
401,20,9,-1
402,9,17,-1
402,39,5,-1
403,2,17,-1
403,37,13,-1
404,44,5,-1
404,3,13,-1
405,23,16,-1
405,7,17,-1
406,31,11,-1
406,25,11,-1
407,10,19,-1
407,44,14,-1
408,23,6,-1
408,35,16,-1
409,31,6,-1
409,7,9,-1
410,28,14,-1
410,36,5,-1
411,26,7,-1
411,12,15,-1
412,28,11,-1
412,15,19,-1
413,6,7,-1
413,7,8,-1
414,26,16,-1
414,22,9,-1
415,12,7,-1
415,3,13,-1
416,28,11,-1
416,42,14,-1
417,31,7,-1
417,4,9,-1
418,10,8,-1
418,25,11,-1
419,49,16,-1
419,44,17,-1
420,34,9,-1
420,32,17,-1
421,21,6,-1
421,12,10,-1
422,19,15,-1
422,26,13,-1
423,42,7,-1
423,45,8,-1
424,9,17,-1
424,16,12,-1
425,28,13,-1
425,12,8,-1
426,2,12,-1
426,6,9,-1
427,11,18,-1
427,15,8,-1
428,15,17,-1
428,27,14,-1
429,17,16,-1
429,19,11,-1
430,36,10,-1
430,17,19,-1
431,33,19,-1
431,8,5,-1
432,25,14,-1
432,33,13,-1
433,25,19,-1
433,37,10,-1
434,23,9,-1
434,16,18,-1
435,5,13,-1
435,16,11,-1
436,3,10,-1
436,33,17,-1
437,48,12,-1
437,2,10,-1
438,50,16,-1
438,45,15,-1
439,6,12,-1
439,9,11,-1
440,25,15,-1
440,32,10,-1
441,20,6,-1
441,28,9,-1
442,40,5,-1
442,4,16,-1
443,27,8,-1
443,22,5,-1
444,12,18,-1
444,16,11,-1
445,10,15,-1
445,16,13,-1
446,32,12,-1
446,32,9,-1
447,46,16,-1
447,14,14,-1
448,44,7,-1
448,38,19,-1
449,13,11,-1
449,11,14,-1
450,18,7,-1
450,18,15,-1
451,3,15,-1
451,22,8,-1
452,37,16,-1
452,38,10,-1
453,6,7,-1
453,5,11,-1
454,31,8,-1
454,25,18,-1
455,9,15,-1
455,3,5,-1
456,38,16,-1
456,46,12,-1
457,20,10,-1
457,38,10,-1
458,14,14,-1
458,41,16,-1
459,9,16,-1
459,41,7,-1
460,43,9,-1
460,4,19,-1
461,35,17,-1
461,19,6,-1
462,35,10,-1
462,12,7,-1
463,11,12,-1
463,3,11,-1
464,40,9,-1
464,5,6,-1
465,23,14,-1
465,40,6,-1
466,40,14,-1
466,34,11,-1
