1 -37 46
1 -31 52
1 -25 12
1 -19 53
1 -13 30
1 -7 36
4 -37 8
4 -31 44
4 -25 16
4 -19 51
4 -13 40
4 -7 0
7 -37 45
7 -31 55
7 -25 20
7 -19 32
7 -13 39
7 -7 2
10 -37 42
10 -31 54
10 -25 19
10 -19 4
10 -13 5
10 -7 35
13 -37 34
13 -31 25
13 -25 60
13 -19 28
13 -13 62
13 -7 37
16 -37 56
16 -31 65
16 -25 3
16 -19 17
16 -13 50
16 -7 29
19 -37 7
19 -31 57
19 -25 23
19 -19 1
19 -13 9
19 -7 6
22 -37 68
22 -31 24
22 -25 31
22 -19 67
22 -13 61
22 -7 33
25 -37 69
25 -31 64
25 -25 10
25 -19 13
25 -13 43
25 -7 15
28 -37 14
28 -31 58
28 -25 48
28 -19 59
28 -13 63
28 -7 27
31 -37 26
31 -31 22
31 -25 47
31 -19 66
31 -13 11
31 -7 70
34 -37 71
34 -31 41
34 -25 38
34 -19 49
34 -13 21
34 -7 18
2 0 72
3 0 73
4 0 74
5 0 75
6 0 76
9 0 77
10 0 78
11 0 79
12 0 80
13 0 81
16 0 82
17 0 83
18 0 84
19 0 85
20 0 86
23 0 87
24 0 88
25 0 89
26 0 90
27 0 91
30 0 92
31 0 93
32 0 94
33 0 95
34 0 96
3 -2 97
4 -2 98
5 -2 99
10 -2 100
11 -2 101
12 -2 102
17 -2 103
18 -2 104
19 -2 105
24 -2 106
25 -2 107
26 -2 108
31 -2 109
32 -2 110
33 -2 111
1 -4 112
2 -4 113
3 -4 114
4 -4 115
5 -4 116
6 -4 117
7 -4 118
8 -4 119
9 -4 120
10 -4 121
11 -4 122
12 -4 123
13 -4 124
14 -4 125
15 -4 126
16 -4 127
17 -4 128
18 -4 129
19 -4 130
20 -4 131
21 -4 132
22 -4 133
23 -4 134
24 -4 135
25 -4 136
26 -4 137
27 -4 138
28 -4 139
29 -4 140
30 -4 141
31 -4 142
32 -4 143
33 -4 144
34 -4 145
1 -6 146
2 -6 147
3 -6 148
4 -6 149
5 -6 150
6 -6 151
7 -6 152
8 -6 153
9 -6 154
10 -6 155
11 -6 156
12 -6 157
13 -6 158
14 -6 159
15 -6 160
16 -6 161
17 -6 162
18 -6 163
19 -6 164
20 -6 165
21 -6 166
22 -6 167
23 -6 168
24 -6 169
25 -6 170
26 -6 171
27 -6 172
28 -6 173
29 -6 174
30 -6 175
31 -6 176
32 -6 177
33 -6 178
34 -6 179
1 -3 180
2 -3 181
3 -3 182
4 -3 183
5 -3 184
6 -3 185
7 -3 186
8 -3 187
9 -3 188
10 -3 189
11 -3 190
12 -3 191
13 -3 192
14 -3 193
15 -3 194
16 -3 195
17 -3 196
18 -3 197
19 -3 198
20 -3 199
21 -3 200
22 -3 201
23 -3 202
24 -3 203
25 -3 204
26 -3 205
27 -3 206
28 -3 207
29 -3 208
30 -3 209
31 -3 210
32 -3 211
33 -3 212
34 -3 213
1 -5 214
2 -5 215
3 -5 216
4 -5 217
5 -5 218
6 -5 219
7 -5 220
8 -5 221
9 -5 222
10 -5 223
11 -5 224
12 -5 225
13 -5 226
14 -5 227
15 -5 228
16 -5 229
17 -5 230
18 -5 231
19 -5 232
20 -5 233
21 -5 234
22 -5 235
23 -5 236
24 -5 237
25 -5 238
26 -5 239
27 -5 240
28 -5 241
29 -5 242
30 -5 243
31 -5 244
32 -5 245
33 -5 246
34 -5 247
2 -7 248
3 -7 249
5 -7 250
6 -7 251
8 -7 252
9 -7 253
11 -7 254
12 -7 255
14 -7 256
15 -7 257
17 -7 258
18 -7 259
20 -7 260
21 -7 261
23 -7 262
24 -7 263
26 -7 264
27 -7 265
29 -7 266
30 -7 267
32 -7 268
33 -7 269
1 -8 270
1 0 271
1 -1 272
1 -2 273
6 -1 274
6 -2 275
7 -8 276
10 -1 277
13 -1 278
13 -2 279
13 -8 280
17 -1 281
19 -8 282
20 -1 283
20 -2 284
24 -1 285
25 -8 286
27 -1 287
27 -2 288
31 -1 289
31 -8 290
34 -1 291
34 -2 292
2 -1 293
2 -2 294
4 -8 295
5 -1 296
9 -1 297
9 -2 298
10 -8 299
12 -1 300
16 -1 301
16 -2 302
16 -8 303
19 -1 304
22 -8 305
23 -1 306
23 -2 307
26 -1 308
28 -8 309
30 -1 310
30 -2 311
33 -1 312
34 -8 313
