
 4 7 0
 34 20 1
 25 20 2
 16 14 3
 31 26 4
 28 20 5
 13 7 6
 25 38 7
 34 39 8
 7 26 9
 4 38 10
 28 8 11
 1 8 12
 16 7 13
 13 39 14
 1 32 15
 31 32 16
 7 32 17
 13 32 18
 4 39 19
 25 7 20
 25 39 21
 10 14 22
 4 14 23
 13 38 24
 25 14 25
 22 14 26
 19 32 27
 13 26 28
 16 32 29
 19 7 30
 28 38 31
 7 7 32
 25 26 33
 19 39 34
 13 8 35
 22 38 36
 31 20 37
 34 14 38
 7 14 39
 10 39 40
 16 20 41
 34 32 42
 10 32 43
 28 39 44
 22 39 45
 31 8 46
 16 26 47
 4 26 48
 4 8 49
 13 14 50
 4 20 51
 22 8 52
 22 7 53
 34 8 54
 19 8 55
 7 8 56
 28 26 57
 34 7 58
 1 26 59
 10 26 60
 22 26 61
 7 38 62
 28 14 63
 19 20 64
 1 7 65
 10 38 66
 16 39 67
 31 7 68
 31 38 69
 19 14 70
 1 14 71
 1 38 72
 7 39 73
 25 32 74
 22 32 75
 16 38 76
 13 20 77
 7 20 78
 31 39 79
 34 38 80
 28 7 81
 10 20 82
 28 32 83
 31 14 84
 1 39 85
 10 7 86
 25 8 87
 1 20 88
 19 26 89
 22 20 90
 19 38 91
 10 8 92
 4 32 93
 34 26 94
 16 8 95