
 17 -24 0 0
 21 -16 1 0
 6 -30 2 0
 2 -21 3 0
 24 -26 4 0
 30 -35 5 0
 24 -12 6 0
 32 -27 7 0
 26 -11 8 0
 6 -11 9 0
 27 -29 10 0
 17 -10 11 0
 33 -33 12 0
 21 -9 13 0
 11 -33 14 0
 30 -33 15 0
 14 -12 16 0
 9 -22 17 0
 26 -26 18 0
 15 -30 19 0
 17 -17 20 0
 12 -27 21 0
 11 -30 22 0
 27 -16 23 0
 14 -30 24 0
 9 -36 25 0
 9 -24 26 0
 14 -29 27 0
 24 -36 28 0
 27 -14 29 0
 18 -11 30 0
 2 -20 31 0
 11 -11 32 0
 21 -22 33 0
 18 -26 34 0
 2 -36 35 0
 32 -11 36 0
 6 -10 37 0
 18 -16 38 0
 2 -22 39 0
 11 -23 40 0
 30 -16 41 0
 14 -21 42 0
 3 -15 43 0
 33 -27 44 0
 11 -24 45 0
 30 -8 46 0
 8 -8 47 0
 32 -23 48 0
 12 -24 49 0
 20 -33 50 0
 18 -34 51 0
 21 -26 52 0
 26 -30 53 0
 18 -29 54 0
 21 -28 55 0
 8 -35 56 0
 18 -12 57 0
 29 -17 58 0
 26 -27 59 0
 27 -8 60 0
 21 -29 61 0
 6 -9 62 0
 12 -10 63 0
 32 -8 64 0
 24 -14 65 0
 23 -16 66 0
 20 -32 67 0
 14 -34 68 0
 6 -17 69 0
 8 -17 70 0
 23 -34 71 0
 21 -33 72 0
 12 -36 73 0
 15 -9 74 0
 30 -26 75 0
 6 -20 76 0
 32 -15 77 0
 17 -33 78 0
 23 -21 79 0
 9 -12 80 0
 26 -33 81 0
 29 -29 82 0
 11 -8 83 0
 20 -15 84 0
 32 -34 85 0
 15 -10 86 0
 11 -34 87 0
 3 -16 88 0
 15 -35 89 0
 20 -11 90 0
 3 -12 91 0
 14 -10 92 0
 21 -18 93 0
 18 -9 94 0
 23 -18 95 0
 26 -21 96 0
 30 -28 97 0
 17 -12 98 0
 11 -14 99 0
 15 -12 100 0
 21 -34 101 0
 24 -27 102 0
 3 -33 103 0
 20 -14 104 0
 29 -28 105 0
 15 -29 106 0
 9 -18 107 0
 17 -23 108 0
 27 -10 109 0
 8 -30 110 0
 15 -23 111 0
 3 -36 112 0
 24 -32 113 0
 14 -24 114 0
 8 -18 115 0
 26 -24 116 0
 6 -15 117 0
 33 -14 118 0
 18 -36 119 0
 2 -10 120 0
 21 -11 121 0
 27 -36 122 0
 27 -20 123 0
 32 -29 124 0
 8 -16 125 0
 14 -18 126 0
 18 -10 127 0
 26 -35 128 0
 8 -28 129 0
 33 -24 130 0
 11 -21 131 0
 21 -14 132 0
 14 -26 133 0
 20 -23 134 0
 33 -20 135 0
 14 -36 136 0
 3 -17 137 0
 6 -24 138 0
 9 -27 139 0
 20 -34 140 0
 29 -27 141 0
 17 -35 142 0
 3 -28 143 0
 5 -29 144 0
 11 -9 145 0
 23 -33 146 0
 11 -35 147 0
 3 -14 148 0
 5 -27 149 0
 9 -28 150 0
 5 -33 151 0
 14 -32 152 0
 9 -35 153 0
 17 -30 154 0
 2 -8 155 0
 20 -36 156 0
 24 -33 157 0
 26 -10 158 0
 17 -18 159 0
 8 -22 160 0
 2 -30 161 0
 23 -24 162 0
 14 -35 163 0
 6 -8 164 0
 14 -14 165 0
 29 -15 166 0
 23 -30 167 0
 3 -29 168 0
 11 -18 169 0
 8 -15 170 0
 11 -32 171 0
 24 -30 172 0
 12 -26 173 0
 12 -17 174 0
 21 -20 175 0
 29 -30 176 0
 12 -12 177 0
 5 -11 178 0
 15 -28 179 0
 3 -20 180 0
 11 -15 181 0
 20 -20 182 0
 5 -20 183 0
 17 -34 184 0
 21 -17 185 0
 26 -23 186 0
 21 -36 187 0
 24 -34 188 0
 26 -8 189 0
 26 -28 190 0
 6 -21 191 0
 23 -26 192 0
 6 -28 193 0
 24 -21 194 0
 12 -14 195 0
 24 -22 196 0
 15 -24 197 0
 33 -9 198 0
 15 -8 199 0
 20 -27 200 0
 24 -17 201 0
 15 -20 202 0
 15 -26 203 0
 20 -30 204 0
 32 -14 205 0
 14 -8 206 0
 32 -16 207 0
 11 -20 208 0
 20 -24 209 0
 8 -20 210 0
 11 -17 211 0
 23 -10 212 0
 15 -32 213 0
 12 -9 214 0
 30 -20 215 0
 12 -33 216 0
 30 -24 217 0
 17 -8 218 0
 27 -17 219 0
 12 -11 220 0
 11 -12 221 0
 20 -16 222 0
 2 -9 223 0
 17 -29 224 0
 26 -36 225 0
 18 -15 226 0
 5 -14 227 0
 2 -34 228 0
 6 -34 229 0
 33 -18 230 0
 9 -16 231 0
 14 -11 232 0
 3 -24 233 0
 29 -32 234 0
 26 -22 235 0
 23 -15 236 0
 17 -32 237 0
 29 -11 238 0
 17 -27 239 0
 18 -35 240 0
 30 -18 241 0
 29 -14 242 0
 27 -32 243 0
 21 -24 244 0
 26 -18 245 0
 17 -26 246 0
 5 -17 247 0
 14 -33 248 0
 27 -15 249 0
 23 -27 250 0
 18 -17 251 0
 24 -8 252 0
 30 -27 253 0
 3 -35 254 0
 12 -20 255 0
 32 -35 256 0
 14 -27 257 0
 3 -32 258 0
 5 -36 259 0
 29 -10 260 0
 9 -17 261 0
 5 -26 262 0
 12 -34 263 0
 5 -30 264 0
 18 -24 265 0
 5 -35 266 0
 23 -14 267 0
 24 -35 268 0
 18 -28 269 0
 21 -32 270 0
 29 -26 271 0
 32 -36 272 0
 27 -23 273 0
 24 -24 274 0
 24 -9 275 0
 8 -32 276 0
 21 -10 277 0
 17 -36 278 0
 8 -26 279 0
 27 -12 280 0
 24 -11 281 0
 18 -30 282 0
 2 -24 283 0
 5 -18 284 0
 8 -27 285 0
 33 -12 286 0
 23 -20 287 0
 32 -21 288 0
 17 -22 289 0
 24 -10 290 0
 27 -30 291 0
 27 -26 292 0
 20 -21 293 0
 9 -8 294 0
 26 -16 295 0
 9 -11 296 0
 6 -32 297 0
 33 -30 298 0
 33 -26 299 0
 12 -35 300 0
 20 -29 301 0
 23 -11 302 0
 32 -10 303 0
 33 -34 304 0
 24 -28 305 0
 2 -15 306 0
 33 -21 307 0
 33 -17 308 0
 24 -18 309 0
 15 -27 310 0
 9 -9 311 0
 2 -26 312 0
 3 -21 313 0
 5 -34 314 0
 21 -21 315 0
 26 -32 316 0
 32 -26 317 0
 3 -11 318 0
 3 -27 319 0
 20 -12 320 0
 18 -32 321 0
 12 -23 322 0
 29 -8 323 0
 29 -23 324 0
 29 -12 325 0
 30 -14 326 0
 9 -33 327 0
 15 -15 328 0
 27 -34 329 0
 2 -23 330 0
 12 -21 331 0
 11 -26 332 0
 12 -16 333 0
 30 -9 334 0
 17 -9 335 0
 32 -17 336 0
 17 -21 337 0
 5 -22 338 0
 3 -18 339 0
 5 -21 340 0
 29 -20 341 0
 26 -20 342 0
 24 -16 343 0
 20 -10 344 0
 20 -9 345 0
 2 -18 346 0
 29 -33 347 0
 8 -36 348 0
 29 -35 349 0
 15 -14 350 0
 21 -8 351 0
 17 -14 352 0
 17 -11 353 0
 12 -28 354 0
 2 -29 355 0
 14 -20 356 0
 5 -9 357 0
 27 -27 358 0
 27 -33 359 0
 6 -26 360 0
 14 -22 361 0
 8 -33 362 0
 27 -11 363 0
 5 -12 364 0
 12 -8 365 0
 30 -29 366 0
 20 -18 367 0
 30 -34 368 0
 29 -18 369 0
 5 -8 370 0
 18 -8 371 0
 5 -16 372 0
 26 -17 373 0
 3 -30 374 0
 30 -22 375 0
 33 -15 376 0
 18 -23 377 0
 33 -11 378 0
 9 -29 379 0
 14 -15 380 0
 15 -16 381 0
 23 -35 382 0
 30 -36 383 0
 3 -26 384 0
 21 -35 385 0
 9 -23 386 0
 6 -14 387 0
 23 -23 388 0
 18 -27 389 0
 14 -16 390 0
 32 -24 391 0
 8 -12 392 0
 3 -9 393 0
 30 -15 394 0
 33 -32 395 0
 11 -29 396 0
 29 -24 397 0
 33 -29 398 0
 2 -14 399 0
 33 -28 400 0
 12 -30 401 0
 18 -20 402 0
 30 -12 403 0
 3 -23 404 0
 2 -33 405 0
 21 -23 406 0
 24 -15 407 0
 9 -26 408 0
 9 -15 409 0
 6 -35 410 0
 32 -12 411 0
 11 -36 412 0
 9 -34 413 0
 6 -29 414 0
 15 -36 415 0
 8 -21 416 0
 32 -18 417 0
 20 -28 418 0
 17 -28 419 0
 29 -9 420 0
 2 -12 421 0
 5 -32 422 0
 12 -32 423 0
 23 -12 424 0
 6 -36 425 0
 20 -17 426 0
 8 -24 427 0
 32 -33 428 0
 15 -17 429 0
 26 -14 430 0
 9 -14 431 0
 23 -29 432 0
 8 -9 433 0
 5 -24 434 0
 20 -8 435 0
 21 -27 436 0
 33 -23 437 0
 15 -22 438 0
 33 -22 439 0